None	2673	1.49	-0.17106851637396162	370000.0	-657725.0	8.45	15.25	41000.0	0.0
Gold	106	-8.165	-11.894757256448381	-753655.0	-4135000.0	146.8	107.8	0.0	0.0
Cement	13	6.08	2.2357140588685542	89590000.0	101365000.0	26.15	22.35	670000.0	0.0
Copper	9	11.14	2.9661204852357175	715000.0	83400000.0	100.9	38.05	9131000.0	0.0
Silver	8	-1.44	2.493063846585913	12200000.0	11470000.0	237.65	101.8	9738000.0	0.0
Lodging	15	4.415	1.1233788797232407	34730000.0	23800000.0	12.0	9.8	35034500.0	0.0
Aluminum	11	6.14	1.725072859870138	143500000.0	37975000.0	75.75	24.5	51963000.0	0.0
Shipping	47	6.595000000000001	2.877749933818647	69615000.0	41030000.0	0.8999999999999999	22.9	34003500.0	0.0
Trucking	33	7.12	3.566282910385886	39940000.0	18400000.0	21.2	10.9	35454000.0	0.0
Hospitals	13	6.345000000000001	2.145033618250553	117005000.0	81885000.0	-2.45	14.2	170100000.0	0.0
Railroads	19	5.960000000000001	1.7478827344583927	127280000.0	116305000.0	63.1	15.7	59160000.0	0.0
Appliances	11	3.49	1.1618891072313686	22185000.0	12835000.0	-5.2	7.15	6265000.0	0.0
Auto Parts	47	3.99	1.331037027924714	16390000.0	9485000.0	7.3	6.7	7790000.0	0.0
Cigarettes	10	10.7	0.20204402243083996	681675000.0	831410000.0	4.6	2.8	22000.0	0.0
Synthetics	40	4.279999999999999	1.3893771709018294	59545000.0	21150000.0	18.25	10.7	8405000.0	0.0
Drug Stores	6	6.42	2.2317964634305865	659880000.0	1220000000.0	22.5	14.25	226601500.0	0.0
Restaurants	77	6.395	2.7461281299038003	13850000.0	9160000.0	2.55	9.3	16032500.0	0.0
CATV Systems	20	2.45	0.40208543738717406	182000000.0	-3800000.0	6.45	11.3	4315000.0	0.0
Steel & Iron	41	11.0	2.5937007493297015	138665000.0	160810000.0	43.55	23.6	10137000.0	0.0
Toys & Games	20	0.61	1.012165872509364	3700000.0	61390.0	-4.25	17.9	1053500.0	0.0
Biotechnology	227	-28.39	-9.855650338093657	-11270000.0	-21455000.0	2.7	56.7	547000.0	14113000.0
Confectioners	6	9.225	2.859736930797742	47680000.0	53205000.0	-0.40000000000000036	6.699999999999999	22388000.0	0.0
Conglomerates	44	-5.58	-0.374314519139744	-2995.0	119055000.0	13.6	8.600000000000001	234000.0	0.0
Drug Delivery	26	-16.49	-6.134827622576209	-6280000.0	-8630000.0	-11.9	14.6	185000.0	6090500.0
Farm Products	12	1.15	1.1165961448048896	6010000.0	645000.0	-2.9	3.0	2890000.0	0.0
Gas Utilities	29	4.88	1.150850734342802	117150000.0	61700000.0	7.3	11.3	154752000.0	0.0
Meat Products	14	3.7	1.5585082654322076	75190000.0	28450000.0	-28.799999999999997	3.5	55865000.0	0.0
REIT - Office	17	2.975	1.127649561103379	95620000.0	21400000.0	29.55	30.2	484865000.0	0.0
REIT - Retail	26	3.915	1.4956118472428752	142900000.0	47045000.0	13.149999999999999	8.05	241648000.0	0.0
Apparel Stores	50	10.34	3.8042112073925516	80340000.0	50160000.0	12.9	9.5	46957000.0	0.0
Dairy Products	6	-1.0699999999999994	-1.6094170378896089	110000.0	2910000.0	3.1	25.6	354500.0	136000.0
Food Wholesale	21	3.8	0.2790638409561189	8530000.0	15970000.0	-2.3499999999999996	5.0	2894000.0	0.0
Grocery Stores	23	6.1	2.879358681483568	134800000.0	69860000.0	10.05	5.25	74500000.0	0.0
Jewelry Stores	10	6.71	-0.05306598384432068	215330.0	13240000.0	12.399999999999999	9.2	1041000.0	0.0
Life Insurance	40	1.03	0.5200321839469468	220625000.0	82630000.0	9.95	10.9	0.0	0.0
Major Airlines	11	0.95	1.3699760088692807	985500000.0	-183660000.0	170.25	15.9	222000000.0	0.0
Sporting Goods	16	3.95	1.0700834191993107	8070000.0	10930000.0	9.55	7.9	3665000.0	500.0
Credit Services	54	2.66	0.8959622454818625	29850000.0	41190000.0	18.4	16.950000000000003	860000.0	0.0
Drugs - Generic	11	3.4	1.972790284906954	14050000.0	3500000.0	151.9	16.8	7467000.0	38213000.0
Drugs Wholesale	13	5.04	2.317046186651388	34660000.0	42920000.0	16.8	13.5	2319000.0	0.0
Office Supplies	11	7.26	2.65673022003427	53840000.0	20800000.0	10.1	8.35	24694000.0	0.0
Savings & Loans	236	0.75	0.25442090197035594	6890000.0	4885000.0	1.1	8.7	1645500.0	0.0
Water Utilities	13	3.5949999999999998	1.2566332826137971	13480000.0	6750000.0	0.0	7.5	25591000.0	0.0
Asset Management	32	5.51	3.098393779133784	146760000.0	82250000.0	21.0	12.8	4826500.0	0.0
Auto Dealerships	12	5.93	1.4358397413871333	73825000.0	84960000.0	11.0	6.5	82023000.0	0.0
Home Health Care	19	4.78	1.3690165623524662	17685000.0	3450000.0	11.25	10.1	10398000.0	0.0
Waste Management	35	3.41	1.084451031091623	1570000.0	2050000.0	32.9	6.199999999999999	1037000.0	0.0
Wholesale, Other	20	3.66	1.4978027679146924	1800000.0	2340000.0	-3.9	9.6	333000.0	0.0
Auto Parts Stores	9	5.22	2.849473909770394	26810000.0	18345000.0	3.3	7.1	31883000.0	0.0
Broadcasting - TV	21	2.715	0.7531475582074387	35490000.0	-1360000.0	27.3	12.0	12124000.0	0.0
Business Services	353	-6.58	-1.5509554140127388	-105220.0	-142550.0	35.9	15.649999999999999	104500.0	0.0
Cleaning Products	10	2.28	1.299295978843335	13548000.0	1250000.0	-1.5499999999999998	10.3	23350000.0	0.0
Consumer Services	28	3.7	1.712853520215254	4730000.0	7335000.0	0.85	12.95	984000.0	0.0
Department Stores	10	4.12	1.9239745673259718	809610000.0	459410000.0	59.599999999999994	6.25	442714000.0	0.0
Foreign Utilities	16	5.68	2.3927751483714452	1030000000.0	649345000.0	37.45	31.200000000000003	0.0	0.0
Gaming Activities	25	3.02	0.23977304849977787	134205.0	1110000.0	22.3	9.35	1136000.0	0.0
Health Care Plans	15	6.52	4.534614454083572	285930000.0	208260000.0	7.25	23.05	41613000.0	0.0
Insurance Brokers	15	6.345000000000001	1.1215225734927	45240000.0	38280000.0	20.0	9.35	6387000.0	0.0
Metal Fabrication	16	6.305	1.1015035523489565	30400000.0	22560000.0	36.050000000000004	31.9	14426500.0	0.0
Personal Products	33	3.38	0.6507358730894294	203400.0	900470.0	-17.3	11.1	734500.0	0.0
Personal Services	34	2.16	1.7660383647389093	13640000.0	20640000.0	12.7	14.45	5427500.0	0.0
REIT - Industrial	9	3.12	1.2021049999232232	81400000.0	22125000.0	19.0	19.25	167069000.0	0.0
Regional Airlines	20	3.72	2.0693671482927543	105580000.0	25865000.0	58.7	29.0	14759500.0	0.0
Research Services	47	-9.99	0.46386184868826497	16067.0	-1010000.0	11.3	17.6	761500.0	9500.0
Resorts & Casinos	31	4.49	1.443628140801056	20995000.0	5990000.0	7.7	11.7	11436000.0	0.0
Rubber & Plastics	30	5.31	1.7810310408267114	5720000.0	4610000.0	19.9	13.0	5499000.0	0.0
Business Equipment	28	5.13	2.3843784252712945	18270000.0	14440000.0	14.4	10.3	3333000.0	0.0
Electric Utilities	49	3.925	1.5496191617207677	386625000.0	186955000.0	12.6	5.9	225939000.0	0.0
Electronics Stores	11	4.79	1.2657317912077262	13640000.0	77020000.0	-3.45	13.8	48047000.0	0.0
Heavy Construction	21	5.74	1.5859180880994646	19270000.0	12530000.0	54.7	13.2	12821000.0	0.0
Marketing Services	26	2.11	1.4850473720963562	4080000.0	-158560.0	-6.0	15.4	694000.0	0.0
Money Center Banks	21	1.225	0.33401376577778574	230600000.0	1840000000.0	16.8	5.4	4339000.0	0.0
Personal Computers	7	1.93	-0.1086102330696525	-271855.0	-631020.0	130.15	3.75	676000.0	0.0
Publishing - Books	7	4.85	3.3867851740225388	140390000.0	42900000.0	-5.6499999999999995	2.7	49450000.0	0.0
REIT - Diversified	52	3.0999999999999996	1.1193035842339374	64845000.0	18740000.0	15.9	12.600000000000001	131083000.0	0.0
REIT - Hotel/Motel	15	3.54	1.6093498539085327	76470000.0	7650000.0	71.1	35.1	154935000.0	0.0
REIT - Residential	29	2.63	1.0839382531853765	36950000.0	8875000.0	23.0	7.6	68647000.0	0.0
Specialty Eateries	8	2.0700000000000003	3.1160275100714463	17380000.0	29045000.0	20.6	39.3	45459000.0	0.0
Technical Services	19	3.105	1.0004073514964178	1712500.0	7745000.0	17.8	8.85	410000.0	0.0
Textile Industrial	21	2.99	1.2549690972927487	6800000.0	1180000.0	16.1	5.15	3039000.0	0.0
Toy & Hobby Stores	2	11.934999999999999	5.847629772056333	265235000.0	125230000.0	4.6	16.0	86865000.0	0.0
Air Services, Other	9	5.11	1.0034969158677278	46310000.0	49980000.0	11.3	5.2	5538500.0	0.0
Beverages - Brewers	12	7.8	1.5140819543401811	405190000.0	158800000.0	56.2	10.5	556000.0	0.0
Computers Wholesale	19	-0.03500000000000002	0.6689024620291398	2825000.0	-1370000.0	28.6	7.5	1283000.0	0.0
General Contractors	15	4.48	1.153748779341025	5370000.0	14810000.0	109.95	9.6	2574000.0	0.0
Management Services	61	5.84	0.694538565554134	2170000.0	5795000.0	9.95	19.7	1264000.0	0.0
Mortgage Investment	35	0.17	0.23909125013230598	2920000.0	11275000.0	1.6	17.25	2674500.0	0.0
Oil & Gas Pipelines	30	5.155	2.4555470240160795	130455000.0	60020000.0	28.9	25.2	85270000.0	0.0
Property Management	56	1.77	0.830370783024331	1765000.0	2840000.0	5.449999999999999	15.5	2596000.0	0.0
Specialty Chemicals	50	3.65	1.1149341955814749	14195000.0	5260000.0	27.0	12.149999999999999	7394500.0	0.0
Sporting Activities	13	-0.7050000000000001	-1.6134688908349175	-192070.0	-760070.0	-1.1500000000000004	7.5	166000.0	0.0
Advertising Agencies	11	4.765000000000001	2.2340846184262553	63280000.0	60690000.0	50.0	17.0	1765000.0	0.0
Application Software	78	2.96	2.4862967970748637	7300000.0	3205000.0	12.65	11.8	542000.0	5129000.0
Auto Parts Wholesale	6	8.530000000000001	1.8838706530751597	36530000.0	38600000.0	19.0	15.6	35500000.0	0.0
Broadcasting - Radio	20	3.57	1.1900228693451953	28660000.0	4858585.0	4.85	8.3	11440000.0	0.0
Computer Peripherals	51	2.6500000000000004	0.13998102914444183	1160000.0	1490000.0	22.4	16.3	890000.0	4186000.0
Data Storage Devices	20	3.755	2.3385139473148184	4240000.0	5430000.0	-7.0	19.5	4986000.0	14814000.0
Electronic Equipment	34	2.28	0.6589311425425596	3050000.0	4240000.0	5.4	13.899999999999999	427000.0	0.0
Manufactured Housing	9	6.13	0.9203163677088729	2960000.0	12945000.0	22.4	10.55	2362000.0	0.0
Music & Video Stores	6	-0.10499999999999998	1.0615735694579755	57825000.0	-211360000.0	199.7	35.35	33769500.0	0.0
Diagnostic Substances	69	-19.47	-7.151162135550909	-3010000.0	-8710000.0	29.3	27.1	337500.0	4596500.0
Diversified Machinery	71	4.71	1.3602931180129612	4990000.0	7050000.0	22.45	11.0	1945000.0	0.0
Diversified Utilities	36	3.83	1.1225004118033493	238280000.0	129199999.99999999	26.1	11.9	213500000.0	0.0
Drug Related Products	33	-0.9600000000000001	-0.72106024698717	-300870.0	745885.0	38.8	23.2	209500.0	0.0
Electronics Wholesale	38	4.8	-0.025621120981403653	623000.0	2285000.0	45.8	8.6	880000.0	0.0
General Entertainment	24	1.61	0.5159501985767695	291440.0	2100000.0	4.05	8.5	541500.0	0.0
Independent Oil & Gas	129	7.88	4.375278307434091	24640000.0	20640000.0	38.8	31.8	19129500.0	0.0
Medical Practitioners	22	2.76	0.22822073431470552	-60085.0	663260.0	18.1	25.25	483000.0	0.0
Recreational Vehicles	18	3.315	1.7651234506417868	7040000.0	6410000.0	-21.0	10.4	3229000.0	0.0
Sporting Goods Stores	9	6.78	3.1540052864040984	21990000.0	28350000.0	20.4	14.95	16025000.0	0.0
Agricultural Chemicals	15	5.45	1.268953455694991	72170000.0	66230000.00000001	13.7	3.35	19734000.0	0.0
Closed-End Fund - Debt	460	2.66	-3.3818749941966493	21010000.0	74955000.0	-32.6	43.4	0.0	0.0
Computer Based Systems	10	-8.52	-8.481180519515842	-414305.0	168040.0	-4.1	14.3	13500.0	0.0
Foreign Regional Banks	22	1.53	0.6469103717157431	140600000.0	534470000.0	10.899999999999999	3.6	0.0	0.0
Home Furnishing Stores	9	2.05	2.4704475589116215	25030000.0	-1030000.0	39.45	9.0	24293000.0	0.0
Long Distance Carriers	5	-3.27	-0.8287690673737031	-3660000.0	-8650000.0	2.3	1.9	5722000.0	0.0
Packaging & Containers	23	5.27	1.900195201980143	101310000.0	4115000.0	17.4	8.0	25635000.0	0.0
Paper & Paper Products	37	2.83	1.5159060417065198	68300000.0	1412500.0	15.2	5.9	30176000.0	0.0
Printed Circuit Boards	24	3.13	0.684818365000434	4630000.0	2210000.0	45.55	18.05	5578000.0	0.0
Beverages - Soft Drinks	18	5.34	1.847894808979655	95440000.0	87980000.0	1.8	6.5	1017000.0	0.0
Communication Equipment	104	1.98	1.227216304684059	2610000.0	1715000.0	10.2	17.3	1758500.0	4355500.0
Diversified Electronics	86	2.73	1.4261674361186296	1370000.0	1320000.0	35.8	19.2	1122000.0	532000.0
Diversified Investments	104	1.85	0.24770929483356494	41895.0	11800000.0	19.0	39.45	0.0	0.0
Home Improvement Stores	5	13.41	4.034858021586655	211990000.0	137290000.0	8.35	12.5	58069000.0	0.0
Lumber, Wood Production	15	8.4	2.4690236154447094	40200000.0	8740000.0	-13.0	6.4	9400000.0	0.0
Publishing - Newspapers	14	5.805	1.8180223064640888	197305000.0	131830000.0	-12.15	7.0	76521000.0	0.0
Real Estate Development	17	0.575	0.01791622563155488	72000.0	10840000.0	-20.6	5.7	4097000.0	0.0
Specialty Retail, Other	51	3.52	1.0207951103434527	5790000.0	6370000.0	26.7	10.7	6837000.0	0.0
Tobacco Products, Other	3	3.7	1.944746573327836	161260000.0	-9770000.0	-1.4	1.0	60282000.0	0.0
Trucks & Other Vehicles	12	5.16	0.918956411156902	49170000.0	41500000.0	28.65	8.4	5659000.0	0.0
Wireless Communications	69	0.48	0.39222840463376807	10830000.0	-1690000.0	21.3	19.7	233000.0	0.0
Closed-End Fund - Equity	98	1.105	-0.7679694131730925	13285000.0	6284225.0	-11.899999999999999	49.8	0.0	0.0
Discount, Variety Stores	17	6.69	2.4798000357353467	228130000.0	53200000.0	-7.2	10.4	43987000.0	0.0
Food - Major Diversified	9	8.61	1.687722183121966	1380000000.0	1310000000.0	34.9	3.1	4300000.0	0.0
Housewares & Accessories	8	3.6550000000000002	1.270208387749205	43935000.0	45480000.0	-52.3	20.9	39269000.0	0.0
Publishing - Periodicals	15	2.72	0.7972048657949804	6350000.0	616920.0	15.1	39.3	956000.0	0.0
Regional - Midwest Banks	97	0.96	0.3489630690613875	12220000.0	9605000.0	-0.35	6.4	2467500.0	0.0
Regional - Pacific Banks	145	1.37	0.4369783303561946	12960000.0	9735000.0	15.05	17.9	1737000.0	0.0
Residential Construction	28	11.285	-1.1746416915387496	-106790000.0	422160000.0	-0.9000000000000001	6.2	15125000.0	0.0
Surety & Title Insurance	14	7.140000000000001	2.111168250322996	569870000.0	471335000.0	5.199999999999999	13.0	23500000.0	0.0
Basic Materials Wholesale	17	3.91	0.35985003705691454	4720605.0	10350000.0	4.15	20.95	9189000.0	0.0
Closed-End Fund - Foreign	63	0.965	0	18705000.0	0	51.7	0	0.0	0.0
Long-Term Care Facilities	13	5.865	1.1163708859879953	28580000.0	22090000.0	19.6	20.2	16750000.0	0.0
Recreational Goods, Other	14	3.965	0.3801170758995465	457965.0	2690000.0	24.55	14.95	633500.0	0.0
Rental & Leasing Services	23	4.32	1.7325190761603257	81350000.0	20010000.0	15.5	11.75	141752000.0	0.0
Small Tools & Accessories	13	6.24	2.0160216733814855	9380000.0	82300000.0	5.2	6.4	3195000.0	0.0
Auto Manufacturers - Major	6	1.56	0.19576531048906054	9755000000.0	2701865000.0	39.6	3.9	0.0	0.0
Drug Manufacturers - Major	21	9.05	1.6204428621002234	1200000000.0	1776500000.0	9.0	9.8	4262000.0	44754000.0
Drug Manufacturers - Other	112	-17.8	-6.210039889803198	-4630000.0	-12915000.0	11.3	39.650000000000006	307000.0	10260000.0
Foreign Money Center Banks	15	0.865	-1.7919685779305492	-1359070000.0	2375000000.0	23.25	0	0.0	0.0
General Building Materials	32	6.97	2.2547724910119795	35050000.0	41450000.0	22.4	12.4	30702000.0	0.0
Internet Service Providers	60	-22.075000000000003	-4.553010403255949	-155300.0	-971570.0	59.0	16.5	46000.0	0.0
Major Integrated Oil & Gas	10	16.4	4.2060170342351455	21345000000.0	16059999999.999998	27.3	7.6	0.0	0.0
Movie Production, Theaters	35	-16.79	-3.688828108563013	-93260.0	-515030.0	-36.95	4.6	9000.0	0.0
Nonmetallic Mineral Mining	20	-21.450000000000003	-13.103836007438483	-318465.0	-1810000.0	9.75	15.5	3500.0	0.0
Processed & Packaged Goods	44	5.95	1.776149252478917	15550000.0	13350000.0	10.5	8.5	12831000.0	0.0
Regional - Northeast Banks	165	1.005	0.3180307773428978	8340000.0	6585000.0	-0.15000000000000002	8.4	1790500.0	0.0
Regional - Southeast Banks	67	1.08	0.3414939301720465	9575000.0	7505000.0	15.05	12.5	4137500.0	0.0
Semiconductor - Broad Line	22	5.26	4.141835018123517	232885000.0	46310000.0	76.69999999999999	24.0	39193000.0	96400000.0
Telecom Services - Foreign	57	5.625	1.507659422871393	937190000.0	120560000.0	-5.449999999999999	9.8	0.0	0.0
Textile - Apparel Clothing	51	5.605	2.5915651680529623	10960000.0	15350000.0	17.95	9.0	807000.0	0.0
Accident & Health Insurance	12	1.77	1.0812806582625667	760410000.0	98015000.0	-4.15	3.9	1365000.0	0.0
Catalog & Mail Order Houses	15	2.58	0.14120098387089694	206730.0	2190000.0	101.5	12.55	3319000.0	0.0
Entertainment - Diversified	7	0.97	0.8533435534216871	33220000.0	1507845000.0	38.7	7.1	4458000.0	0.0
Home Furnishings & Fixtures	20	5.01	1.5675849467930774	48810000.0	22035000.0	6.3	10.95	11859000.0	0.0
Machine Tools & Accessories	14	6.97	1.02583888035131	22420000.0	15105000.0	22.5	7.699999999999999	12542000.0	0.0
Medical Equipment Wholesale	14	5.800000000000001	0.8141474279608263	598440.0	1520000.0	28.5	10.2	2443000.0	0.0
Regional - Southwest  Banks	41	1.09	0.29720319625698643	14210000.0	18520000.0	14.7	16.299999999999997	4327000.0	0.0
Semiconductor - Specialized	38	2.455	2.3976066747657248	11770000.0	5365000.0	26.2	14.9	1815500.0	18429000.0
Semiconductor- Memory Chips	16	2.665	2.812828618144122	46510000.0	4200000.0	5.3	25.7	1392000.0	15003000.0
Specialized Health Services	39	3.45	1.2219598209480635	1150000.0	1870000.0	10.5	16.6	3087500.0	0.0
Technical & System Software	33	4.37	2.146361698099385	27330000.0	5050000.0	21.1	13.0	2003500.0	18857000.0
Telecom Services - Domestic	41	4.25	2.4523114057607307	31760000.0	4160000.0	26.1	11.3	25797000.0	0.0
Building Materials Wholesale	12	6.07	1.3590808888535488	4115000.0	4280000.0	9.15	38.5	6920000.0	0.0
Business Software & Services	224	-0.53	-0.24480102140183074	-6910.0	343000.0	14.649999999999999	13.0	296000.0	550500.0
Diversified Computer Systems	8	2.2199999999999998	3.33004734394763	196130000.0	11157385.0	180.4	20.55	65431000.0	17290000.0
Industrial Metals & Minerals	72	-0.7	-1.4406982958577834	-22350.0	17975000.0	65.65	27.5	442000.0	0.0
Internet Software & Services	127	-0.62	0.8565201966448734	1030000.0	-99040.0	12.75	22.4	1086000.0	2745000.0
REIT - Healthcare Facilities	12	5.02	1.9502109021649474	89235000.0	33025000.0	11.1	8.25	116479000.0	0.0
Security Software & Services	15	0.68	-2.9826496252340187	-450190.0	719940.0	-15.7	9.1	503000.0	4044000.0
Chemicals - Major Diversified	11	7.47	2.23605811073174	850870000.0	429000000.0	10.3	6.8	262500000.0	85850000.0
Education & Training Services	29	3.67	2.0378536055898513	17860000.0	8580000.0	11.9	15.2	6433000.0	0.0
Farm & Construction Machinery	24	6.529999999999999	1.6145621973451054	42670000.0	49735000.0	22.9	19.7	9078000.0	415500.0
Processing Systems & Products	32	1.17	0.5661614827505902	1090000.0	319000.0	-38.1	14.25	2401500.0	9518000.0
Property & Casualty Insurance	106	2.6399999999999997	1.5390458576217447	134845000.0	55970000.0	12.2	7.5	2000000.0	0.0
Regional - Mid-Atlantic Banks	158	1.02	0.36851446710850866	7350000.0	5035000.0	17.2	9.6	2342000.0	0.0
Industrial Equipment Wholesale	16	8.89	1.2758728287626115	6780000.0	8500000.0	23.4	9.55	1757000.0	0.0
Internet Information Providers	34	2.12	2.267539417393539	5085000.0	6150000.0	30.0	28.25	812500.0	770000.0
Medical Appliances & Equipment	129	-2.57	-0.6989061173493734	-37180.0	550000.0	15.05	13.4	746000.0	2337000.0
Medical Instruments & Supplies	133	-5.33	-2.766490169519353	-660405.0	-1930000.0	11.05	21.8	576500.0	2484000.0
Multimedia & Graphics Software	22	1.295	0.4488029223085127	1940000.0	489000.0	-36.3	9.4	1923000.0	13121500.0
Oil & Gas Equipment & Services	76	8.605	2.4701605416118606	21910000.0	32195000.0	86.4	30.9	13405500.0	0.0
Oil & Gas Refining & Marketing	28	12.2	3.5062219953753506	258550000.0	185840000.0	56.8	26.8	101176500.0	0.0
Pollution & Treatment Controls	10	-6.595	0.04097076403746905	-66415.0	-531085.0	44.1	10.4	239500.0	0.0
Security & Protection Services	35	-1.8250000000000002	-1.5909179097445107	-403760.0	-1260000.0	-14.75	12.9	189500.0	1000.0
Air Delivery & Freight Services	22	7.199999999999999	2.8567466370822356	25325000.0	31030000.0	21.9	10.9	3367000.0	0.0
Healthcare Information Services	20	3.32	1.0897125969055603	880210.0	2835000.0	20.6	14.4	389500.0	1306000.0
Industrial Electrical Equipment	63	4.05	0.3580506966284606	222380.0	1725000.0	21.1	15.45	1421000.0	320000.0
Information & Delivery Services	18	3.42	1.0795478535374619	2150000.0	22475000.0	7.1	15.9	3325000.0	0.0
Information Technology Services	45	2.84	1.2622002032400892	11600000.0	5120000.0	18.8	9.2	3072000.0	0.0
Investment Brokerage - National	21	3.365	1.3308263115171666	20440000.0	138720000.0	39.4	20.05	5600000.0	0.0
Investment Brokerage - Regional	31	1.76	0.9565819723272371	5895000.0	33855000.0	30.75	25.55	4106000.0	0.0
Medical Laboratories & Research	29	-2.23	-0.3302049617253435	-396120.0	-1510000.0	7.2	17.1	1509000.0	239000.0
Staffing & Outsourcing Services	40	5.12	2.1665990698964617	14680000.0	18000000.0	44.1	12.6	5727000.0	0.0
Oil & Gas Drilling & Exploration	89	3.545	1.8226486115384495	3510000.0	53400000.0	109.4	44.1	9554000.0	0.0
Beverages - Wineries & Distillers	7	-3.6	-3.7162147905897247	-352260.0	163335000.0	322.45	13.6	258000.0	0.0
Industrial Equipment & Components	22	7.54	2.592560163644854	24900000.0	28250000.0	28.6	25.5	11885000.0	0.0
Photographic Equipment & Supplies	17	2.87	-2.6408711907658526	-27000.0	593175.0	6.1	2266.7	213000.0	369500.0
Diversified Communication Services	68	-7.65	-2.4961792724384004	-969250.0	-3480000.0	-13.3	23.3	626000.0	0.0
Networking & Communication Devices	35	-2.4699999999999998	-0.14296917533377423	-53120.0	-885170.0	1.3	25.65	1207000.0	7539000.0
Scientific & Technical Instruments	138	3.21	0.6695117119004568	1060000.0	3200000.0	13.5	18.05	1379000.0	3051000.0
Semiconductor - Integrated Circuits	69	0.09	0.6738648664398104	6140000.0	1350000.0	17.3	25.6	3342000.0	18790000.0
Semiconductor Equipment & Materials	57	3.56	1.597067885746274	20880000.0	4740000.0	38.5	33.1	2594500.0	19745500.0
Aerospace/Defense - Major Diversified	6	3.285	1.2488878469233646	79535000.0	578250000.0	-6.05	10.2	58465500.0	233500.0
Aerospace/Defense Products & Services	57	4.73	1.1505945373428887	7880000.0	16845000.0	23.45	15.95	4179000.0	0.0
Textile - Apparel Footwear & Accessories	30	9.469999999999999	2.0969901091487464	14495000.0	27880000.0	30.9	10.0	3086500.0	0.0
